91911
94005
89138
36564
99516
85253
72223
94027
81611
6830
19707
20009
33480
30327
96821
83353
60610
46077
51355
66211
40059
70115
4074
20815
2108
48009
55403
39110
63124
59716
68520
89451
3854
7620
87506
11201
28480
58503
45174
73151
97210
19103
2807
29482
57702
37215
75205
84060
5672
22102
98039
25442
53726
82009
77449
11368
60629
79936
90011
11385
90650
77494
91331
77084
90201
10467
11226
11211
11236
11220
92335
8701
11208
11234
90250
11373
91342
90805
75034
37013
90280
60618
90044
10456
92503
10025
92336
11214
75052
11219
94565
75070
78521
11207
92683
60632
60639
92704
11230
10314
11377
30044
91710
77479
82009